{
 "cells": [
  {
   "cell_type": "markdown",
   "id": "59750a55",
   "metadata": {},
   "source": [
    "# Лабораторная работа № 4"
   ]
  },
  {
   "cell_type": "markdown",
   "id": "794d5348",
   "metadata": {},
   "source": [
    "## Постановка задачи"
   ]
  },
  {
   "cell_type": "markdown",
   "id": "f841de4f",
   "metadata": {},
   "source": [
    "### Часть 1 \n",
    "- Реализовать алгоритм базовой модели Идена; \n",
    "- Визуализировать рост кластера; \n",
    "- В лог-лог масштабе построить зависимости $N(R_{гир})$ и $N_s(R_{гир})$; \n",
    "- Определить размерность $d$ и $d_s$."
   ]
  },
  {
   "cell_type": "markdown",
   "id": "6d040709",
   "metadata": {},
   "source": [
    "### Часть 2\n",
    "- Реализовать алгоритм модели экранированного роста;\n",
    "- Определить размерность кластера $d$ для случаев: $\\psi < 2$, $\\psi = 2$ и $\\psi > 2$."
   ]
  },
  {
   "cell_type": "markdown",
   "id": "24cbe03d",
   "metadata": {},
   "source": [
    "## Часть 1"
   ]
  },
  {
   "cell_type": "markdown",
   "id": "2e425d06",
   "metadata": {},
   "source": [
    "### Реализация алгоритма базовой модели Идена"
   ]
  },
  {
   "cell_type": "markdown",
   "id": "fb041a0f",
   "metadata": {},
   "source": [
    "#### Описание"
   ]
  },
  {
   "cell_type": "markdown",
   "id": "d94181b1",
   "metadata": {},
   "source": [
    "Рост кластера имитируется последовательным заполнением узлов квадратной решетки по периметру кластера.\n",
    "\n",
    "В начальный момент времени кластер состоит всего из одной частицы (\"зерна\" роста). В дальнейшим рост кластера происходит за счет последовательного присоединения новых частиц в узлах по его периметру."
   ]
  },
  {
   "cell_type": "markdown",
   "id": "b74fea1a",
   "metadata": {},
   "source": [
    "#### Структура кластеров Идена"
   ]
  },
  {
   "cell_type": "markdown",
   "id": "a2c3b3d9",
   "metadata": {},
   "source": [
    "Зависимость количества частиц в кластере и его радиусом гирации $R_g$ описывается соотношением $N \\sim R_g^d$, где величина $d$ практически совпадает с евклидовой размерностью.\n",
    "\n",
    "Радиус гирации определяется, как $R_g = \\dfrac{1}{N}\\sqrt{\\sum\\limits_{i=1}^{N} (\\vec{r}_i - \\vec{r})^2}$, где $\\vec{r} = \\dfrac{1}{N}\\sum\\limits_{i=1}^{N} \\vec{r}_i$ соответствует координатам центра масс кластера."
   ]
  },
  {
   "cell_type": "markdown",
   "id": "cc1c80e1",
   "metadata": {},
   "source": [
    "Поверхность кластеров Идена имеет фрактальные свойства, а число узлов на периметре растет как $N_s \\sim R_g^{d_f}$, где $d_f > 1$ $-$ фрактальная размерность периметра"
   ]
  },
  {
   "cell_type": "markdown",
   "id": "c941c19d",
   "metadata": {},
   "source": [
    "Алгоритм базовой модели Идена был реализован в отдельном модуле [IdenCluster.py](https://github.com/AlexeyMakurin/Computer-technologies-in-physics/blob/main/IdenCluster.py). Здесь представлены результаты его работы."
   ]
  },
  {
   "cell_type": "code",
   "execution_count": 1,
   "id": "c099f4e1",
   "metadata": {},
   "outputs": [],
   "source": [
    "from IdenCluster import IdenCluster"
   ]
  },
  {
   "cell_type": "markdown",
   "id": "a19607f7",
   "metadata": {},
   "source": [
    "Создание сетки размером $n \\times n$ с \"зерном\" роста в центре."
   ]
  },
  {
   "cell_type": "code",
   "execution_count": 8,
   "id": "66375078",
   "metadata": {},
   "outputs": [],
   "source": [
    "n=21\n",
    "cluster = IdenCluster(n)"
   ]
  },
  {
   "cell_type": "markdown",
   "id": "7fcfc428",
   "metadata": {},
   "source": [
    "Запуск роста кластера.\n",
    "\n",
    "Параметры\n",
    "- records=1: запись стадий роста кластера для создания анимации;\n",
    "- frame=10: сколько новых частиц будет содержать фрейм."
   ]
  },
  {
   "cell_type": "code",
   "execution_count": 9,
   "id": "ccb4f188",
   "metadata": {},
   "outputs": [],
   "source": [
    "cluster.growth(records=1, frame=10)"
   ]
  },
  {
   "cell_type": "markdown",
   "id": "fe002aec",
   "metadata": {},
   "source": [
    "Построение анимации."
   ]
  },
  {
   "cell_type": "code",
   "execution_count": 11,
   "id": "16eb2b34",
   "metadata": {},
   "outputs": [
    {
     "data": {
      "application/vnd.plotly.v1+json": {
       "config": {
        "plotlyServerURL": "https://plot.ly"
       },
       "data": [
        {
         "hovertemplate": "count particles=1<br>x=%{x}<br>y=%{y}<br>type=%{marker.size}<br>color=%{marker.color}<extra></extra>",
         "legendgroup": "",
         "marker": {
          "color": [
           3.7174689525542313,
           3.4462852784683324,
           2.8627052636454926,
           2.2286122588153967,
           1.752502075269325,
           1.5168438265635977,
           1.4908424357682195,
           1.587383472696898,
           1.7172659888014676,
           1.8172427027997995,
           1.853874161909001,
           1.8172427027997995,
           1.7172659888014676,
           1.587383472696898,
           1.4908424357682195,
           1.5168438265635977,
           1.752502075269325,
           2.2286122588153967,
           2.8627052636454926,
           3.4462852784683324,
           3.7174689525542313,
           3.4462852784683324,
           2.780281510448019,
           2.067124642353261,
           1.5992011047514538,
           1.4854734888466146,
           1.6595377698841975,
           1.9725774958790097,
           2.2881052681602676,
           2.52809777862837,
           2.669157602916037,
           2.7147035782358024,
           2.669157602916037,
           2.52809777862837,
           2.2881052681602676,
           1.9725774958790097,
           1.6595377698841975,
           1.4854734888466146,
           1.5992011047514538,
           2.067124642353261,
           2.780281510448019,
           3.4462852784683324,
           2.8627052636454926,
           2.067124642353261,
           1.56089247366823,
           1.5196297724573726,
           1.853874161909001,
           2.3358648549128485,
           2.7592246788198636,
           3.0271450173385084,
           3.148272960113643,
           3.1825071109358998,
           3.1865828239596015,
           3.1825071109358998,
           3.148272960113643,
           3.0271450173385084,
           2.7592246788198636,
           2.3358648549128485,
           1.853874161909001,
           1.5196297724573726,
           1.56089247366823,
           2.067124642353261,
           2.8627052636454926,
           2.2286122588153967,
           1.5992011047514538,
           1.5196297724573726,
           1.9316297145290748,
           2.52809777862837,
           2.9948221930076815,
           3.1825071109358998,
           3.1253568589675664,
           2.9536615926109335,
           2.797147084061159,
           2.736428140398625,
           2.797147084061159,
           2.9536615926109335,
           3.1253568589675664,
           3.1825071109358998,
           2.9948221930076815,
           2.52809777862837,
           1.9316297145290748,
           1.5196297724573726,
           1.5992011047514538,
           2.2286122588153967,
           1.752502075269325,
           1.4854734888466146,
           1.853874161909001,
           2.52809777862837,
           3.0570023589817708,
           3.1749596899159056,
           2.905860268762833,
           2.454622957513899,
           2.0325906594615915,
           1.7585803569784333,
           1.6664946508563874,
           1.7585803569784333,
           2.0325906594615915,
           2.454622957513899,
           2.905860268762833,
           3.1749596899159056,
           3.0570023589817708,
           2.52809777862837,
           1.853874161909001,
           1.4854734888466146,
           1.752502075269325,
           1.5168438265635977,
           1.6595377698841975,
           2.3358648549128485,
           2.9948221930076815,
           3.1749596899159056,
           2.797147084061159,
           2.121553681852664,
           1.484488516269454,
           1.0718824019366562,
           0.88194318349363,
           0.8328351945649165,
           0.88194318349363,
           1.0718824019366562,
           1.484488516269454,
           2.121553681852664,
           2.797147084061159,
           3.1749596899159056,
           2.9948221930076815,
           2.3358648549128485,
           1.6595377698841975,
           1.5168438265635977,
           1.4908424357682195,
           1.9725774958790097,
           2.7592246788198636,
           3.1825071109358998,
           2.905860268762833,
           2.121553681852664,
           1.3094708450525983,
           0.8328351945649165,
           0.7283912266283584,
           0.8024216435036479,
           0.8526354171261721,
           0.8024216435036479,
           0.7283912266283584,
           0.8328351945649165,
           1.3094708450525983,
           2.121553681852664,
           2.905860268762833,
           3.1825071109358998,
           2.7592246788198636,
           1.9725774958790097,
           1.4908424357682195,
           1.587383472696898,
           2.2881052681602676,
           3.0271450173385084,
           3.1253568589675664,
           2.454622957513899,
           1.484488516269454,
           0.8328351945649165,
           0.7651430648384332,
           1.079770622675426,
           1.4053789073757856,
           1.5274143691797577,
           1.4053789073757856,
           1.079770622675426,
           0.7651430648384332,
           0.8328351945649165,
           1.484488516269454,
           2.454622957513899,
           3.1253568589675664,
           3.0271450173385084,
           2.2881052681602676,
           1.587383472696898,
           1.7172659888014676,
           2.52809777862837,
           3.148272960113643,
           2.9536615926109335,
           2.0325906594615915,
           1.0718824019366562,
           0.7283912266283584,
           1.079770622675426,
           1.6505257888165707,
           1.9611081371667627,
           2.0079097154937915,
           1.9611081371667627,
           1.6505257888165707,
           1.079770622675426,
           0.7283912266283584,
           1.0718824019366562,
           2.0325906594615915,
           2.9536615926109335,
           3.148272960113643,
           2.52809777862837,
           1.7172659888014676,
           1.8172427027997995,
           2.669157602916037,
           3.1825071109358998,
           2.797147084061159,
           1.7585803569784333,
           0.88194318349363,
           0.8024216435036479,
           1.4053789073757856,
           1.9611081371667627,
           1.8691395330122784,
           1.5346181653678417,
           1.8691395330122784,
           1.9611081371667627,
           1.4053789073757856,
           0.8024216435036479,
           0.88194318349363,
           1.7585803569784333,
           2.797147084061159,
           3.1825071109358998,
           2.669157602916037,
           1.8172427027997995,
           1.853874161909001,
           2.7147035782358024,
           3.1865828239596015,
           2.736428140398625,
           1.6664946508563874,
           0.8328351945649165,
           0.8526354171261721,
           1.5274143691797577,
           2.0079097154937915,
           1.5346181653678417,
           0,
           1.5346181653678417,
           2.0079097154937915,
           1.5274143691797577,
           0.8526354171261721,
           0.8328351945649165,
           1.6664946508563874,
           2.736428140398625,
           3.1865828239596015,
           2.7147035782358024,
           1.853874161909001,
           1.8172427027997995,
           2.669157602916037,
           3.1825071109358998,
           2.797147084061159,
           1.7585803569784333,
           0.88194318349363,
           0.8024216435036479,
           1.4053789073757856,
           1.9611081371667627,
           1.8691395330122784,
           1.5346181653678417,
           1.8691395330122784,
           1.9611081371667627,
           1.4053789073757856,
           0.8024216435036479,
           0.88194318349363,
           1.7585803569784333,
           2.797147084061159,
           3.1825071109358998,
           2.669157602916037,
           1.8172427027997995,
           1.7172659888014676,
           2.52809777862837,
           3.148272960113643,
           2.9536615926109335,
           2.0325906594615915,
           1.0718824019366562,
           0.7283912266283584,
           1.079770622675426,
           1.6505257888165707,
           1.9611081371667627,
           2.0079097154937915,
           1.9611081371667627,
           1.6505257888165707,
           1.079770622675426,
           0.7283912266283584,
           1.0718824019366562,
           2.0325906594615915,
           2.9536615926109335,
           3.148272960113643,
           2.52809777862837,
           1.7172659888014676,
           1.587383472696898,
           2.2881052681602676,
           3.0271450173385084,
           3.1253568589675664,
           2.454622957513899,
           1.484488516269454,
           0.8328351945649165,
           0.7651430648384332,
           1.079770622675426,
           1.4053789073757856,
           1.5274143691797577,
           1.4053789073757856,
           1.079770622675426,
           0.7651430648384332,
           0.8328351945649165,
           1.484488516269454,
           2.454622957513899,
           3.1253568589675664,
           3.0271450173385084,
           2.2881052681602676,
           1.587383472696898,
           1.4908424357682195,
           1.9725774958790097,
           2.7592246788198636,
           3.1825071109358998,
           2.905860268762833,
           2.121553681852664,
           1.3094708450525983,
           0.8328351945649165,
           0.7283912266283584,
           0.8024216435036479,
           0.8526354171261721,
           0.8024216435036479,
           0.7283912266283584,
           0.8328351945649165,
           1.3094708450525983,
           2.121553681852664,
           2.905860268762833,
           3.1825071109358998,
           2.7592246788198636,
           1.9725774958790097,
           1.4908424357682195,
           1.5168438265635977,
           1.6595377698841975,
           2.3358648549128485,
           2.9948221930076815,
           3.1749596899159056,
           2.797147084061159,
           2.121553681852664,
           1.484488516269454,
           1.0718824019366562,
           0.88194318349363,
           0.8328351945649165,
           0.88194318349363,
           1.0718824019366562,
           1.484488516269454,
           2.121553681852664,
           2.797147084061159,
           3.1749596899159056,
           2.9948221930076815,
           2.3358648549128485,
           1.6595377698841975,
           1.5168438265635977,
           1.752502075269325,
           1.4854734888466146,
           1.853874161909001,
           2.52809777862837,
           3.0570023589817708,
           3.1749596899159056,
           2.905860268762833,
           2.454622957513899,
           2.0325906594615915,
           1.7585803569784333,
           1.6664946508563874,
           1.7585803569784333,
           2.0325906594615915,
           2.454622957513899,
           2.905860268762833,
           3.1749596899159056,
           3.0570023589817708,
           2.52809777862837,
           1.853874161909001,
           1.4854734888466146,
           1.752502075269325,
           2.2286122588153967,
           1.5992011047514538,
           1.5196297724573726,
           1.9316297145290748,
           2.52809777862837,
           2.9948221930076815,
           3.1825071109358998,
           3.1253568589675664,
           2.9536615926109335,
           2.797147084061159,
           2.736428140398625,
           2.797147084061159,
           2.9536615926109335,
           3.1253568589675664,
           3.1825071109358998,
           2.9948221930076815,
           2.52809777862837,
           1.9316297145290748,
           1.5196297724573726,
           1.5992011047514538,
           2.2286122588153967,
           2.8627052636454926,
           2.067124642353261,
           1.56089247366823,
           1.5196297724573726,
           1.853874161909001,
           2.3358648549128485,
           2.7592246788198636,
           3.0271450173385084,
           3.148272960113643,
           3.1825071109358998,
           3.1865828239596015,
           3.1825071109358998,
           3.148272960113643,
           3.0271450173385084,
           2.7592246788198636,
           2.3358648549128485,
           1.853874161909001,
           1.5196297724573726,
           1.56089247366823,
           2.067124642353261,
           2.8627052636454926,
           3.4462852784683324,
           2.780281510448019,
           2.067124642353261,
           1.5992011047514538,
           1.4854734888466146,
           1.6595377698841975,
           1.9725774958790097,
           2.2881052681602676,
           2.52809777862837,
           2.669157602916037,
           2.7147035782358024,
           2.669157602916037,
           2.52809777862837,
           2.2881052681602676,
           1.9725774958790097,
           1.6595377698841975,
           1.4854734888466146,
           1.5992011047514538,
           2.067124642353261,
           2.780281510448019,
           3.4462852784683324,
           3.7174689525542313,
           3.4462852784683324,
           2.8627052636454926,
           2.2286122588153967,
           1.752502075269325,
           1.5168438265635977,
           1.4908424357682195,
           1.587383472696898,
           1.7172659888014676,
           1.8172427027997995,
           1.853874161909001,
           1.8172427027997995,
           1.7172659888014676,
           1.587383472696898,
           1.4908424357682195,
           1.5168438265635977,
           1.752502075269325,
           2.2286122588153967,
           2.8627052636454926,
           3.4462852784683324,
           3.7174689525542313
          ],
          "coloraxis": "coloraxis",
          "size": [
           0,
           0,
           0,
           0,
           0,
           0,
           0,
           0,
           0,
           0,
           0,
           0,
           0,
           0,
           0,
           0,
           0,
           0,
           0,
           0,
           0,
           0,
           0,
           0,
           0,
           0,
           0,
           0,
           0,
           0,
           0,
           0,
           0,
           0,
           0,
           0,
           0,
           0,
           0,
           0,
           0,
           0,
           0,
           0,
           0,
           0,
           0,
           0,
           0,
           0,
           0,
           0,
           0,
           0,
           0,
           0,
           0,
           0,
           0,
           0,
           0,
           0,
           0,
           0,
           0,
           0,
           0,
           0,
           0,
           0,
           0,
           0,
           0,
           0,
           0,
           0,
           0,
           0,
           0,
           0,
           0,
           0,
           0,
           0,
           0,
           0,
           0,
           0,
           0,
           0,
           0,
           0,
           0,
           0,
           0,
           0,
           0,
           0,
           0,
           0,
           0,
           0,
           0,
           0,
           0,
           0,
           0,
           0,
           0,
           0,
           0,
           0,
           0,
           0,
           0,
           0,
           0,
           0,
           0,
           0,
           0,
           0,
           0,
           0,
           0,
           0,
           0,
           0,
           0,
           0,
           0,
           0,
           0,
           0,
           0,
           0,
           0,
           0,
           0,
           0,
           0,
           0,
           0,
           0,
           0,
           0,
           0,
           0,
           0,
           0,
           0,
           0,
           0,
           0,
           0,
           0,
           0,
           0,
           0,
           0,
           0,
           0,
           0,
           0,
           0,
           0,
           0,
           0,
           0,
           0,
           0,
           0,
           0,
           0,
           0,
           0,
           0,
           0,
           0,
           0,
           0,
           0,
           0,
           0,
           0,
           0,
           0,
           0,
           0,
           0,
           0,
           0,
           0,
           0,
           0,
           0,
           0,
           0,
           0,
           0,
           0,
           0,
           0,
           0,
           0,
           0,
           0,
           0,
           0,
           0,
           0,
           0,
           0,
           0,
           0,
           0,
           0,
           0,
           0,
           0,
           1,
           0,
           0,
           0,
           0,
           0,
           0,
           0,
           0,
           0,
           0,
           0,
           0,
           0,
           0,
           0,
           0,
           0,
           0,
           0,
           0,
           0,
           0,
           0,
           0,
           0,
           0,
           0,
           0,
           0,
           0,
           0,
           0,
           0,
           0,
           0,
           0,
           0,
           0,
           0,
           0,
           0,
           0,
           0,
           0,
           0,
           0,
           0,
           0,
           0,
           0,
           0,
           0,
           0,
           0,
           0,
           0,
           0,
           0,
           0,
           0,
           0,
           0,
           0,
           0,
           0,
           0,
           0,
           0,
           0,
           0,
           0,
           0,
           0,
           0,
           0,
           0,
           0,
           0,
           0,
           0,
           0,
           0,
           0,
           0,
           0,
           0,
           0,
           0,
           0,
           0,
           0,
           0,
           0,
           0,
           0,
           0,
           0,
           0,
           0,
           0,
           0,
           0,
           0,
           0,
           0,
           0,
           0,
           0,
           0,
           0,
           0,
           0,
           0,
           0,
           0,
           0,
           0,
           0,
           0,
           0,
           0,
           0,
           0,
           0,
           0,
           0,
           0,
           0,
           0,
           0,
           0,
           0,
           0,
           0,
           0,
           0,
           0,
           0,
           0,
           0,
           0,
           0,
           0,
           0,
           0,
           0,
           0,
           0,
           0,
           0,
           0,
           0,
           0,
           0,
           0,
           0,
           0,
           0,
           0,
           0,
           0,
           0,
           0,
           0,
           0,
           0,
           0,
           0,
           0,
           0,
           0,
           0,
           0,
           0,
           0,
           0,
           0,
           0,
           0,
           0,
           0,
           0,
           0,
           0,
           0,
           0,
           0,
           0,
           0,
           0,
           0,
           0,
           0,
           0,
           0,
           0,
           0,
           0,
           0,
           0,
           0,
           0,
           0,
           0,
           0,
           0,
           0,
           0,
           0,
           0,
           0,
           0,
           0,
           0,
           0,
           0,
           0,
           0,
           0,
           0
          ],
          "sizemode": "area",
          "sizeref": 0.006944444444444444,
          "symbol": "circle"
         },
         "mode": "markers",
         "name": "",
         "orientation": "v",
         "showlegend": false,
         "type": "scatter",
         "x": [
          -10,
          -10,
          -10,
          -10,
          -10,
          -10,
          -10,
          -10,
          -10,
          -10,
          -10,
          -10,
          -10,
          -10,
          -10,
          -10,
          -10,
          -10,
          -10,
          -10,
          -10,
          -9,
          -9,
          -9,
          -9,
          -9,
          -9,
          -9,
          -9,
          -9,
          -9,
          -9,
          -9,
          -9,
          -9,
          -9,
          -9,
          -9,
          -9,
          -9,
          -9,
          -9,
          -8,
          -8,
          -8,
          -8,
          -8,
          -8,
          -8,
          -8,
          -8,
          -8,
          -8,
          -8,
          -8,
          -8,
          -8,
          -8,
          -8,
          -8,
          -8,
          -8,
          -8,
          -7,
          -7,
          -7,
          -7,
          -7,
          -7,
          -7,
          -7,
          -7,
          -7,
          -7,
          -7,
          -7,
          -7,
          -7,
          -7,
          -7,
          -7,
          -7,
          -7,
          -7,
          -6,
          -6,
          -6,
          -6,
          -6,
          -6,
          -6,
          -6,
          -6,
          -6,
          -6,
          -6,
          -6,
          -6,
          -6,
          -6,
          -6,
          -6,
          -6,
          -6,
          -6,
          -5,
          -5,
          -5,
          -5,
          -5,
          -5,
          -5,
          -5,
          -5,
          -5,
          -5,
          -5,
          -5,
          -5,
          -5,
          -5,
          -5,
          -5,
          -5,
          -5,
          -5,
          -4,
          -4,
          -4,
          -4,
          -4,
          -4,
          -4,
          -4,
          -4,
          -4,
          -4,
          -4,
          -4,
          -4,
          -4,
          -4,
          -4,
          -4,
          -4,
          -4,
          -4,
          -3,
          -3,
          -3,
          -3,
          -3,
          -3,
          -3,
          -3,
          -3,
          -3,
          -3,
          -3,
          -3,
          -3,
          -3,
          -3,
          -3,
          -3,
          -3,
          -3,
          -3,
          -2,
          -2,
          -2,
          -2,
          -2,
          -2,
          -2,
          -2,
          -2,
          -2,
          -2,
          -2,
          -2,
          -2,
          -2,
          -2,
          -2,
          -2,
          -2,
          -2,
          -2,
          -1,
          -1,
          -1,
          -1,
          -1,
          -1,
          -1,
          -1,
          -1,
          -1,
          -1,
          -1,
          -1,
          -1,
          -1,
          -1,
          -1,
          -1,
          -1,
          -1,
          -1,
          0,
          0,
          0,
          0,
          0,
          0,
          0,
          0,
          0,
          0,
          0,
          0,
          0,
          0,
          0,
          0,
          0,
          0,
          0,
          0,
          0,
          1,
          1,
          1,
          1,
          1,
          1,
          1,
          1,
          1,
          1,
          1,
          1,
          1,
          1,
          1,
          1,
          1,
          1,
          1,
          1,
          1,
          2,
          2,
          2,
          2,
          2,
          2,
          2,
          2,
          2,
          2,
          2,
          2,
          2,
          2,
          2,
          2,
          2,
          2,
          2,
          2,
          2,
          3,
          3,
          3,
          3,
          3,
          3,
          3,
          3,
          3,
          3,
          3,
          3,
          3,
          3,
          3,
          3,
          3,
          3,
          3,
          3,
          3,
          4,
          4,
          4,
          4,
          4,
          4,
          4,
          4,
          4,
          4,
          4,
          4,
          4,
          4,
          4,
          4,
          4,
          4,
          4,
          4,
          4,
          5,
          5,
          5,
          5,
          5,
          5,
          5,
          5,
          5,
          5,
          5,
          5,
          5,
          5,
          5,
          5,
          5,
          5,
          5,
          5,
          5,
          6,
          6,
          6,
          6,
          6,
          6,
          6,
          6,
          6,
          6,
          6,
          6,
          6,
          6,
          6,
          6,
          6,
          6,
          6,
          6,
          6,
          7,
          7,
          7,
          7,
          7,
          7,
          7,
          7,
          7,
          7,
          7,
          7,
          7,
          7,
          7,
          7,
          7,
          7,
          7,
          7,
          7,
          8,
          8,
          8,
          8,
          8,
          8,
          8,
          8,
          8,
          8,
          8,
          8,
          8,
          8,
          8,
          8,
          8,
          8,
          8,
          8,
          8,
          9,
          9,
          9,
          9,
          9,
          9,
          9,
          9,
          9,
          9,
          9,
          9,
          9,
          9,
          9,
          9,
          9,
          9,
          9,
          9,
          9,
          10,
          10,
          10,
          10,
          10,
          10,
          10,
          10,
          10,
          10,
          10,
          10,
          10,
          10,
          10,
          10,
          10,
          10,
          10,
          10,
          10
         ],
         "xaxis": "x",
         "y": [
          -10,
          -9,
          -8,
          -7,
          -6,
          -5,
          -4,
          -3,
          -2,
          -1,
          0,
          1,
          2,
          3,
          4,
          5,
          6,
          7,
          8,
          9,
          10,
          -10,
          -9,
          -8,
          -7,
          -6,
          -5,
          -4,
          -3,
          -2,
          -1,
          0,
          1,
          2,
          3,
          4,
          5,
          6,
          7,
          8,
          9,
          10,
          -10,
          -9,
          -8,
          -7,
          -6,
          -5,
          -4,
          -3,
          -2,
          -1,
          0,
          1,
          2,
          3,
          4,
          5,
          6,
          7,
          8,
          9,
          10,
          -10,
          -9,
          -8,
          -7,
          -6,
          -5,
          -4,
          -3,
          -2,
          -1,
          0,
          1,
          2,
          3,
          4,
          5,
          6,
          7,
          8,
          9,
          10,
          -10,
          -9,
          -8,
          -7,
          -6,
          -5,
          -4,
          -3,
          -2,
          -1,
          0,
          1,
          2,
          3,
          4,
          5,
          6,
          7,
          8,
          9,
          10,
          -10,
          -9,
          -8,
          -7,
          -6,
          -5,
          -4,
          -3,
          -2,
          -1,
          0,
          1,
          2,
          3,
          4,
          5,
          6,
          7,
          8,
          9,
          10,
          -10,
          -9,
          -8,
          -7,
          -6,
          -5,
          -4,
          -3,
          -2,
          -1,
          0,
          1,
          2,
          3,
          4,
          5,
          6,
          7,
          8,
          9,
          10,
          -10,
          -9,
          -8,
          -7,
          -6,
          -5,
          -4,
          -3,
          -2,
          -1,
          0,
          1,
          2,
          3,
          4,
          5,
          6,
          7,
          8,
          9,
          10,
          -10,
          -9,
          -8,
          -7,
          -6,
          -5,
          -4,
          -3,
          -2,
          -1,
          0,
          1,
          2,
          3,
          4,
          5,
          6,
          7,
          8,
          9,
          10,
          -10,
          -9,
          -8,
          -7,
          -6,
          -5,
          -4,
          -3,
          -2,
          -1,
          0,
          1,
          2,
          3,
          4,
          5,
          6,
          7,
          8,
          9,
          10,
          -10,
          -9,
          -8,
          -7,
          -6,
          -5,
          -4,
          -3,
          -2,
          -1,
          0,
          1,
          2,
          3,
          4,
          5,
          6,
          7,
          8,
          9,
          10,
          -10,
          -9,
          -8,
          -7,
          -6,
          -5,
          -4,
          -3,
          -2,
          -1,
          0,
          1,
          2,
          3,
          4,
          5,
          6,
          7,
          8,
          9,
          10,
          -10,
          -9,
          -8,
          -7,
          -6,
          -5,
          -4,
          -3,
          -2,
          -1,
          0,
          1,
          2,
          3,
          4,
          5,
          6,
          7,
          8,
          9,
          10,
          -10,
          -9,
          -8,
          -7,
          -6,
          -5,
          -4,
          -3,
          -2,
          -1,
          0,
          1,
          2,
          3,
          4,
          5,
          6,
          7,
          8,
          9,
          10,
          -10,
          -9,
          -8,
          -7,
          -6,
          -5,
          -4,
          -3,
          -2,
          -1,
          0,
          1,
          2,
          3,
          4,
          5,
          6,
          7,
          8,
          9,
          10,
          -10,
          -9,
          -8,
          -7,
          -6,
          -5,
          -4,
          -3,
          -2,
          -1,
          0,
          1,
          2,
          3,
          4,
          5,
          6,
          7,
          8,
          9,
          10,
          -10,
          -9,
          -8,
          -7,
          -6,
          -5,
          -4,
          -3,
          -2,
          -1,
          0,
          1,
          2,
          3,
          4,
          5,
          6,
          7,
          8,
          9,
          10,
          -10,
          -9,
          -8,
          -7,
          -6,
          -5,
          -4,
          -3,
          -2,
          -1,
          0,
          1,
          2,
          3,
          4,
          5,
          6,
          7,
          8,
          9,
          10,
          -10,
          -9,
          -8,
          -7,
          -6,
          -5,
          -4,
          -3,
          -2,
          -1,
          0,
          1,
          2,
          3,
          4,
          5,
          6,
          7,
          8,
          9,
          10,
          -10,
          -9,
          -8,
          -7,
          -6,
          -5,
          -4,
          -3,
          -2,
          -1,
          0,
          1,
          2,
          3,
          4,
          5,
          6,
          7,
          8,
          9,
          10,
          -10,
          -9,
          -8,
          -7,
          -6,
          -5,
          -4,
          -3,
          -2,
          -1,
          0,
          1,
          2,
          3,
          4,
          5,
          6,
          7,
          8,
          9,
          10
         ],
         "yaxis": "y"
        }
       ],
       "frames": [
        {
         "data": [
          {
           "hovertemplate": "count particles=1<br>x=%{x}<br>y=%{y}<br>type=%{marker.size}<br>color=%{marker.color}<extra></extra>",
           "legendgroup": "",
           "marker": {
            "color": [
             3.7174689525542313,
             3.4462852784683324,
             2.8627052636454926,
             2.2286122588153967,
             1.752502075269325,
             1.5168438265635977,
             1.4908424357682195,
             1.587383472696898,
             1.7172659888014676,
             1.8172427027997995,
             1.853874161909001,
             1.8172427027997995,
             1.7172659888014676,
             1.587383472696898,
             1.4908424357682195,
             1.5168438265635977,
             1.752502075269325,
             2.2286122588153967,
             2.8627052636454926,
             3.4462852784683324,
             3.7174689525542313,
             3.4462852784683324,
             2.780281510448019,
             2.067124642353261,
             1.5992011047514538,
             1.4854734888466146,
             1.6595377698841975,
             1.9725774958790097,
             2.2881052681602676,
             2.52809777862837,
             2.669157602916037,
             2.7147035782358024,
             2.669157602916037,
             2.52809777862837,
             2.2881052681602676,
             1.9725774958790097,
             1.6595377698841975,
             1.4854734888466146,
             1.5992011047514538,
             2.067124642353261,
             2.780281510448019,
             3.4462852784683324,
             2.8627052636454926,
             2.067124642353261,
             1.56089247366823,
             1.5196297724573726,
             1.853874161909001,
             2.3358648549128485,
             2.7592246788198636,
             3.0271450173385084,
             3.148272960113643,
             3.1825071109358998,
             3.1865828239596015,
             3.1825071109358998,
             3.148272960113643,
             3.0271450173385084,
             2.7592246788198636,
             2.3358648549128485,
             1.853874161909001,
             1.5196297724573726,
             1.56089247366823,
             2.067124642353261,
             2.8627052636454926,
             2.2286122588153967,
             1.5992011047514538,
             1.5196297724573726,
             1.9316297145290748,
             2.52809777862837,
             2.9948221930076815,
             3.1825071109358998,
             3.1253568589675664,
             2.9536615926109335,
             2.797147084061159,
             2.736428140398625,
             2.797147084061159,
             2.9536615926109335,
             3.1253568589675664,
             3.1825071109358998,
             2.9948221930076815,
             2.52809777862837,
             1.9316297145290748,
             1.5196297724573726,
             1.5992011047514538,
             2.2286122588153967,
             1.752502075269325,
             1.4854734888466146,
             1.853874161909001,
             2.52809777862837,
             3.0570023589817708,
             3.1749596899159056,
             2.905860268762833,
             2.454622957513899,
             2.0325906594615915,
             1.7585803569784333,
             1.6664946508563874,
